{
    "length": 29.55167597765363,
    "str_em": 0,
    "str_hit": 0,
    "rougeLsum": 41.43180706272158,
    "QA-EM": 0,
    "QA-F1": 0,
    "QA-Hit": 0,
    "mauve": 1.5600088113186403,
    "citation_rec": 53.53850758180367,
    "citation_prec": 68.71508379888269
}