{
    "length": 30.00210970464135,
    "str_em": 30.01582278481012,
    "str_hit": 8.649789029535865,
    "rougeLsum": 35.72070437906396,
    "QA-EM": 18.410689170182838,
    "QA-F1": 23.978688168096205,
    "QA-Hit": 3.2700421940928273,
    "mauve": 75.27876585639936,
    "citation_rec": 49.92440225035161,
    "citation_prec": 63.60759493670886
}