{
    "length": 29.925105485232066,
    "str_em": 30.476441631504926,
    "str_hit": 9.071729957805907,
    "rougeLsum": 35.856376285675736,
    "QA-EM": 18.779887482419124,
    "QA-F1": 24.252914888789174,
    "QA-Hit": 3.481012658227848,
    "mauve": 73.95412260697849,
    "citation_rec": 49.080520393811526,
    "citation_prec": 62.447257383966246
}