{
    "length": 29.819620253164558,
    "str_em": 30.931786216596347,
    "str_hit": 9.599156118143458,
    "rougeLsum": 36.25389334083194,
    "QA-EM": 18.880098452883264,
    "QA-F1": 24.658221667079324,
    "QA-Hit": 3.481012658227848,
    "mauve": 75.2449087826309,
    "citation_rec": 45.08966244725739,
    "citation_prec": 58.122362869198305
}