{
    "length": 29.494725738396625,
    "str_em": 29.887482419127988,
    "str_hit": 8.122362869198312,
    "rougeLsum": 35.092712045158194,
    "QA-EM": 18.54254571026723,
    "QA-F1": 24.1817487032571,
    "QA-Hit": 2.848101265822785,
    "mauve": 73.52395737941264,
    "citation_rec": 54.602672292545705,
    "citation_prec": 67.51054852320675
}