{
    "length": 29.420886075949365,
    "str_em": 30.455344585091424,
    "str_hit": 8.227848101265822,
    "rougeLsum": 35.42792955296922,
    "QA-EM": 18.711322081575247,
    "QA-F1": 24.324048035607976,
    "QA-Hit": 2.9535864978902953,
    "mauve": 76.87514172890761,
    "citation_rec": 52.82172995780591,
    "citation_prec": 65.71729957805907
}