{
    "length": 30.540084388185655,
    "str_em": 29.753867791842474,
    "str_hit": 9.071729957805907,
    "rougeLsum": 36.26629941242149,
    "QA-EM": 17.22573839662447,
    "QA-F1": 23.371595942643346,
    "QA-Hit": 3.059071729957806,
    "mauve": 77.37125399091518,
    "citation_rec": 37.804149085794656,
    "citation_prec": 51.26582278481012
}