{
    "length": 29.561181434599156,
    "str_em": 29.88572433192686,
    "str_hit": 8.544303797468354,
    "rougeLsum": 35.320386219669274,
    "QA-EM": 18.38255977496484,
    "QA-F1": 23.75046790031898,
    "QA-Hit": 2.848101265822785,
    "mauve": 77.02423170349448,
    "citation_rec": 52.05696202531646,
    "citation_prec": 65.18987341772153
}