{
    "length": 29.56223628691983,
    "str_em": 30.216244725738395,
    "str_hit": 8.122362869198312,
    "rougeLsum": 35.13996974668128,
    "QA-EM": 18.568917018284107,
    "QA-F1": 24.269430470760163,
    "QA-Hit": 2.848101265822785,
    "mauve": 77.10000428229165,
    "citation_rec": 53.77637130801687,
    "citation_prec": 66.66666666666666
}