{
    "length": 29.860759493670887,
    "str_em": 30.792897327707454,
    "str_hit": 9.70464135021097,
    "rougeLsum": 36.23557559576773,
    "QA-EM": 18.547819971870602,
    "QA-F1": 24.35414677805031,
    "QA-Hit": 3.2700421940928273,
    "mauve": 78.3203395999881,
    "citation_rec": 47.22925457102672,
    "citation_prec": 59.91561181434599
}