{
    "length": 29.530590717299578,
    "str_em": 29.840014064697606,
    "str_hit": 7.9113924050632916,
    "rougeLsum": 35.00832661260353,
    "QA-EM": 18.405414908579466,
    "QA-F1": 24.190476350434114,
    "QA-Hit": 2.6371308016877637,
    "mauve": 68.87633428268937,
    "citation_rec": 54.68178621659635,
    "citation_prec": 67.51054852320675
}